10
15
50
25
75
25
100
50
75
125
100

50
75
100
125
50
200
125
75
150
125
100
150
50
75
50
150
200
150
200
100
50
50
100
200
50
100
150
200
75
200
150
150
300
200
200
150


200
200

175
175
150
150
200

300
175
350
275
350
300
250
300
250

250
200
150
300
250
350
300
300


350
300
250
300
400
300
350
300



150
300
250
450
400
400
400
350
350

300

500
500
450
600
400
400
300











450
425
350
300
300
550
600
500
550
650
250
500








600
550
700
650
650
700
700
600
600
500
500
500
500
500







800
900
750
850
750
800
950
700
700
650
650
650
650
650
650




999





